time: 2025-08-11 16:26:28
lidar_centers: {3.93564,-0.492021,0.481107} {3.95039,0.00636673,0.492683} {3.95578,0.00280328,0.886287} {3.94103,-0.500147,0.884508}
qr_centers: {0.551118,-0.49972,3.97311} {0.0514638,-0.507261,3.9901} {0.0573542,-0.907195,3.98582} {0.557009,-0.899653,3.96883}
time: 2025-08-11 16:31:22
lidar_centers: {4.41199,-1.15663,0.484957} {4.31096,-0.66857,0.488685} {4.30524,-0.671958,0.889386} {4.40651,-1.16114,0.885391}
qr_centers: {1.21844,-0.509247,4.45587} {0.728955,-0.513743,4.35396} {0.734038,-0.913653,4.34719} {1.22352,-0.909157,4.4491}
time: 2025-08-11 16:33:15
lidar_centers: {4.46678,0.390123,0.508121} {4.61839,0.8656,0.524244} {4.6104,0.857051,0.918531} {4.45719,0.376831,0.908159}
qr_centers: {-0.333008,-0.533974,4.50507} {-0.810496,-0.545173,4.65299} {-0.802903,-0.945059,4.64722} {-0.325415,-0.93386,4.4993}
